20
0 21 22 23 24 25 26 27 28 29 30 31 32 33 34 35 36 37 38 39
21 0 23 24 25 26 27 28 29 30 31 32 33 34 35 36 37 38 39 20
22 23 0 25 26 27 28 29 30 31 32 33 34 35 36 37 38 39 20 21
23 24 25 0 27 28 29 30 31 32 33 34 35 36 37 38 39 20 21 22
24 25 26 27 0 29 30 31 32 33 34 35 36 37 38 39 20 21 22 23
25 26 27 28 29 0 31 32 33 34 35 36 37 38 39 20 21 22 23 24
26 27 28 29 30 31 0 33 34 35 36 37 38 39 20 21 22 23 24 25
27 28 29 30 31 32 33 0 35 36 37 38 39 20 21 22 23 24 25 26
28 29 30 31 32 33 34 35 0 37 38 39 20 21 22 23 24 25 26 27
29 30 31 32 33 34 35 36 37 0 39 20 21 22 23 24 25 26 27 28
30 31 32 33 34 35 36 37 38 39 0 21 22 23 24 25 26 27 28 29
31 32 33 34 35 36 37 38 39 20 21 0 23 24 25 26 27 28 29 30
32 33 34 35 36 37 38 39 20 21 22 23 0 25 26 27 28 29 30 31
33 34 35 36 37 38 39 20 21 22 23 24 25 0 27 28 29 30 31 32
34 35 36 37 38 39 20 21 22 23 24 25 26 27 0 29 30 31 32 33
35 36 37 38 39 20 21 22 23 24 25 26 27 28 29 0 31 32 33 34
36 37 38 39 20 21 22 23 24 25 26 27 28 29 30 31 0 33 34 35
37 38 39 20 21 22 23 24 25 26 27 28 29 30 31 32 33 0 35 36
38 39 20 21 22 23 24 25 26 27 28 29 30 31 32 33 34 35 0 37
39 20 21 22 23 24 25 26 27 28 29 30 31 32 33 34 35 36 37 0