30
0 31 32 33 34 35 36 37 38 39 40 41 42 43 44 45 46 47 48 49 50 51 52 53 54 55 56 57 58 59
31 0 33 34 35 36 37 38 39 40 41 42 43 44 45 46 47 48 49 50 51 52 53 54 55 56 57 58 59 30
32 33 0 35 36 37 38 39 40 41 42 43 44 45 46 47 48 49 50 51 52 53 54 55 56 57 58 59 30 31
33 34 35 0 37 38 39 40 41 42 43 44 45 46 47 48 49 50 51 52 53 54 55 56 57 58 59 30 31 32
34 35 36 37 0 39 40 41 42 43 44 45 46 47 48 49 50 51 52 53 54 55 56 57 58 59 30 31 32 33
35 36 37 38 39 0 41 42 43 44 45 46 47 48 49 50 51 52 53 54 55 56 57 58 59 30 31 32 33 34
36 37 38 39 40 41 0 43 44 45 46 47 48 49 50 51 52 53 54 55 56 57 58 59 30 31 32 33 34 35
37 38 39 40 41 42 43 0 45 46 47 48 49 50 51 52 53 54 55 56 57 58 59 30 31 32 33 34 35 36
38 39 40 41 42 43 44 45 0 47 48 49 50 51 52 53 54 55 56 57 58 59 30 31 32 33 34 35 36 37
39 40 41 42 43 44 45 46 47 0 49 50 51 52 53 54 55 56 57 58 59 30 31 32 33 34 35 36 37 38
40 41 42 43 44 45 46 47 48 49 0 51 52 53 54 55 56 57 58 59 30 31 32 33 34 35 36 37 38 39
41 42 43 44 45 46 47 48 49 50 51 0 53 54 55 56 57 58 59 30 31 32 33 34 35 36 37 38 39 40
42 43 44 45 46 47 48 49 50 51 52 53 0 55 56 57 58 59 30 31 32 33 34 35 36 37 38 39 40 41
43 44 45 46 47 48 49 50 51 52 53 54 55 0 57 58 59 30 31 32 33 34 35 36 37 38 39 40 41 42
44 45 46 47 48 49 50 51 52 53 54 55 56 57 0 59 30 31 32 33 34 35 36 37 38 39 40 41 42 43
45 46 47 48 49 50 51 52 53 54 55 56 57 58 59 0 31 32 33 34 35 36 37 38 39 40 41 42 43 44
46 47 48 49 50 51 52 53 54 55 56 57 58 59 30 31 0 33 34 35 36 37 38 39 40 41 42 43 44 45
47 48 49 50 51 52 53 54 55 56 57 58 59 30 31 32 33 0 35 36 37 38 39 40 41 42 43 44 45 46
48 49 50 51 52 53 54 55 56 57 58 59 30 31 32 33 34 35 0 37 38 39 40 41 42 43 44 45 46 47
49 50 51 52 53 54 55 56 57 58 59 30 31 32 33 34 35 36 37 0 39 40 41 42 43 44 45 46 47 48
50 51 52 53 54 55 56 57 58 59 30 31 32 33 34 35 36 37 38 39 0 41 42 43 44 45 46 47 48 49
51 52 53 54 55 56 57 58 59 30 31 32 33 34 35 36 37 38 39 40 41 0 43 44 45 46 47 48 49 50
52 53 54 55 56 57 58 59 30 31 32 33 34 35 36 37 38 39 40 41 42 43 0 45 46 47 48 49 50 51
53 54 55 56 57 58 59 30 31 32 33 34 35 36 37 38 39 40 41 42 43 44 45 0 47 48 49 50 51 52
54 55 56 57 58 59 30 31 32 33 34 35 36 37 38 39 40 41 42 43 44 45 46 47 0 49 50 51 52 53
55 56 57 58 59 30 31 32 33 34 35 36 37 38 39 40 41 42 43 44 45 46 47 48 49 0 51 52 53 54
56 57 58 59 30 31 32 33 34 35 36 37 38 39 40 41 42 43 44 45 46 47 48 49 50 51 0 53 54 55
57 58 59 30 31 32 33 34 35 36 37 38 39 40 41 42 43 44 45 46 47 48 49 50 51 52 53 0 55 56
58 59 30 31 32 33 34 35 36 37 38 39 40 41 42 43 44 45 46 47 48 49 50 51 52 53 54 55 0 57
59 30 31 32 33 34 35 36 37 38 39 40 41 42 43 44 45 46 47 48 49 50 51 52 53 54 55 56 57 0