60
0  101  102  103  104  105  106  107  108  109  110  111  112  113  114  115  116  117  118  119  120  121  122  123  124  125  126  127  128  129  130  131  132  133  134  135  136  137  138  139  140  141  142  143  144  145  146  147  148  149  150  151  152  153  154  155  156  157  158  159
101  0  103  104  105  106  107  108  109  110  111  112  113  114  115  116  117  118  119  120  121  122  123  124  125  126  127  128  129  130  131  132  133  134  135  136  137  138  139  140  141  142  143  144  145  146  147  148  149  150  151  152  153  154  155  156  157  158  159  100
102  103  0  105  106  107  108  109  110  111  112  113  114  115  116  117  118  119  120  121  122  123  124  125  126  127  128  129  130  131  132  133  134  135  136  137  138  139  140  141  142  143  144  145  146  147  148  149  150  151  152  153  154  155  156  157  158  159  100  101
103  104  105  0  107  108  109  110  111  112  113  114  115  116  117  118  119  120  121  122  123  124  125  126  127  128  129  130  131  132  133  134  135  136  137  138  139  140  141  142  143  144  145  146  147  148  149  150  151  152  153  154  155  156  157  158  159  100  101  102
104  105  106  107  0  109  110  111  112  113  114  115  116  117  118  119  120  121  122  123  124  125  126  127  128  129  130  131  132  133  134  135  136  137  138  139  140  141  142  143  144  145  146  147  148  149  150  151  152  153  154  155  156  157  158  159  100  101  102  103
105  106  107  108  109  0  111  112  113  114  115  116  117  118  119  120  121  122  123  124  125  126  127  128  129  130  131  132  133  134  135  136  137  138  139  140  141  142  143  144  145  146  147  148  149  150  151  152  153  154  155  156  157  158  159  100  101  102  103  104
106  107  108  109  110  111  0  113  114  115  116  117  118  119  120  121  122  123  124  125  126  127  128  129  130  131  132  133  134  135  136  137  138  139  140  141  142  143  144  145  146  147  148  149  150  151  152  153  154  155  156  157  158  159  100  101  102  103  104  105
107  108  109  110  111  112  113  0  115  116  117  118  119  120  121  122  123  124  125  126  127  128  129  130  131  132  133  134  135  136  137  138  139  140  141  142  143  144  145  146  147  148  149  150  151  152  153  154  155  156  157  158  159  100  101  102  103  104  105  106
108  109  110  111  112  113  114  115  0  117  118  119  120  121  122  123  124  125  126  127  128  129  130  131  132  133  134  135  136  137  138  139  140  141  142  143  144  145  146  147  148  149  150  151  152  153  154  155  156  157  158  159  100  101  102  103  104  105  106  107
109  110  111  112  113  114  115  116  117  0  119  120  121  122  123  124  125  126  127  128  129  130  131  132  133  134  135  136  137  138  139  140  141  142  143  144  145  146  147  148  149  150  151  152  153  154  155  156  157  158  159  100  101  102  103  104  105  106  107  108
110  111  112  113  114  115  116  117  118  119  0  121  122  123  124  125  126  127  128  129  130  131  132  133  134  135  136  137  138  139  140  141  142  143  144  145  146  147  148  149  150  151  152  153  154  155  156  157  158  159  100  101  102  103  104  105  106  107  108  109
111  112  113  114  115  116  117  118  119  120  121  0  123  124  125  126  127  128  129  130  131  132  133  134  135  136  137  138  139  140  141  142  143  144  145  146  147  148  149  150  151  152  153  154  155  156  157  158  159  100  101  102  103  104  105  106  107  108  109  110
112  113  114  115  116  117  118  119  120  121  122  123  0  125  126  127  128  129  130  131  132  133  134  135  136  137  138  139  140  141  142  143  144  145  146  147  148  149  150  151  152  153  154  155  156  157  158  159  100  101  102  103  104  105  106  107  108  109  110  111
113  114  115  116  117  118  119  120  121  122  123  124  125  0  127  128  129  130  131  132  133  134  135  136  137  138  139  140  141  142  143  144  145  146  147  148  149  150  151  152  153  154  155  156  157  158  159  100  101  102  103  104  105  106  107  108  109  110  111  112
114  115  116  117  118  119  120  121  122  123  124  125  126  127  0  129  130  131  132  133  134  135  136  137  138  139  140  141  142  143  144  145  146  147  148  149  150  151  152  153  154  155  156  157  158  159  100  101  102  103  104  105  106  107  108  109  110  111  112  113
115  116  117  118  119  120  121  122  123  124  125  126  127  128  129  0  131  132  133  134  135  136  137  138  139  140  141  142  143  144  145  146  147  148  149  150  151  152  153  154  155  156  157  158  159  100  101  102  103  104  105  106  107  108  109  110  111  112  113  114
116  117  118  119  120  121  122  123  124  125  126  127  128  129  130  131  0  133  134  135  136  137  138  139  140  141  142  143  144  145  146  147  148  149  150  151  152  153  154  155  156  157  158  159  100  101  102  103  104  105  106  107  108  109  110  111  112  113  114  115
117  118  119  120  121  122  123  124  125  126  127  128  129  130  131  132  133  0  135  136  137  138  139  140  141  142  143  144  145  146  147  148  149  150  151  152  153  154  155  156  157  158  159  100  101  102  103  104  105  106  107  108  109  110  111  112  113  114  115  116
118  119  120  121  122  123  124  125  126  127  128  129  130  131  132  133  134  135  0  137  138  139  140  141  142  143  144  145  146  147  148  149  150  151  152  153  154  155  156  157  158  159  100  101  102  103  104  105  106  107  108  109  110  111  112  113  114  115  116  117
119  120  121  122  123  124  125  126  127  128  129  130  131  132  133  134  135  136  137  0  139  140  141  142  143  144  145  146  147  148  149  150  151  152  153  154  155  156  157  158  159  100  101  102  103  104  105  106  107  108  109  110  111  112  113  114  115  116  117  118
120  121  122  123  124  125  126  127  128  129  130  131  132  133  134  135  136  137  138  139  0  141  142  143  144  145  146  147  148  149  150  151  152  153  154  155  156  157  158  159  100  101  102  103  104  105  106  107  108  109  110  111  112  113  114  115  116  117  118  119
121  122  123  124  125  126  127  128  129  130  131  132  133  134  135  136  137  138  139  140  141  0  143  144  145  146  147  148  149  150  151  152  153  154  155  156  157  158  159  100  101  102  103  104  105  106  107  108  109  110  111  112  113  114  115  116  117  118  119  120
122  123  124  125  126  127  128  129  130  131  132  133  134  135  136  137  138  139  140  141  142  143  0  145  146  147  148  149  150  151  152  153  154  155  156  157  158  159  100  101  102  103  104  105  106  107  108  109  110  111  112  113  114  115  116  117  118  119  120  121
123  124  125  126  127  128  129  130  131  132  133  134  135  136  137  138  139  140  141  142  143  144  145  0  147  148  149  150  151  152  153  154  155  156  157  158  159  100  101  102  103  104  105  106  107  108  109  110  111  112  113  114  115  116  117  118  119  120  121  122
124  125  126  127  128  129  130  131  132  133  134  135  136  137  138  139  140  141  142  143  144  145  146  147  0  149  150  151  152  153  154  155  156  157  158  159  100  101  102  103  104  105  106  107  108  109  110  111  112  113  114  115  116  117  118  119  120  121  122  123
125  126  127  128  129  130  131  132  133  134  135  136  137  138  139  140  141  142  143  144  145  146  147  148  149  0  151  152  153  154  155  156  157  158  159  100  101  102  103  104  105  106  107  108  109  110  111  112  113  114  115  116  117  118  119  120  121  122  123  124
126  127  128  129  130  131  132  133  134  135  136  137  138  139  140  141  142  143  144  145  146  147  148  149  150  151  0  153  154  155  156  157  158  159  100  101  102  103  104  105  106  107  108  109  110  111  112  113  114  115  116  117  118  119  120  121  122  123  124  125
127  128  129  130  131  132  133  134  135  136  137  138  139  140  141  142  143  144  145  146  147  148  149  150  151  152  153  0  155  156  157  158  159  100  101  102  103  104  105  106  107  108  109  110  111  112  113  114  115  116  117  118  119  120  121  122  123  124  125  126
128  129  130  131  132  133  134  135  136  137  138  139  140  141  142  143  144  145  146  147  148  149  150  151  152  153  154  155  0  157  158  159  100  101  102  103  104  105  106  107  108  109  110  111  112  113  114  115  116  117  118  119  120  121  122  123  124  125  126  127
129  130  131  132  133  134  135  136  137  138  139  140  141  142  143  144  145  146  147  148  149  150  151  152  153  154  155  156  157  0  159  100  101  102  103  104  105  106  107  108  109  110  111  112  113  114  115  116  117  118  119  120  121  122  123  124  125  126  127  128
130  131  132  133  134  135  136  137  138  139  140  141  142  143  144  145  146  147  148  149  150  151  152  153  154  155  156  157  158  159  0  101  102  103  104  105  106  107  108  109  110  111  112  113  114  115  116  117  118  119  120  121  122  123  124  125  126  127  128  129
131  132  133  134  135  136  137  138  139  140  141  142  143  144  145  146  147  148  149  150  151  152  153  154  155  156  157  158  159  100  101  0  103  104  105  106  107  108  109  110  111  112  113  114  115  116  117  118  119  120  121  122  123  124  125  126  127  128  129  130
132  133  134  135  136  137  138  139  140  141  142  143  144  145  146  147  148  149  150  151  152  153  154  155  156  157  158  159  100  101  102  103  0  105  106  107  108  109  110  111  112  113  114  115  116  117  118  119  120  121  122  123  124  125  126  127  128  129  130  131
133  134  135  136  137  138  139  140  141  142  143  144  145  146  147  148  149  150  151  152  153  154  155  156  157  158  159  100  101  102  103  104  105  0  107  108  109  110  111  112  113  114  115  116  117  118  119  120  121  122  123  124  125  126  127  128  129  130  131  132
134  135  136  137  138  139  140  141  142  143  144  145  146  147  148  149  150  151  152  153  154  155  156  157  158  159  100  101  102  103  104  105  106  107  0  109  110  111  112  113  114  115  116  117  118  119  120  121  122  123  124  125  126  127  128  129  130  131  132  133
135  136  137  138  139  140  141  142  143  144  145  146  147  148  149  150  151  152  153  154  155  156  157  158  159  100  101  102  103  104  105  106  107  108  109  0  111  112  113  114  115  116  117  118  119  120  121  122  123  124  125  126  127  128  129  130  131  132  133  134
136  137  138  139  140  141  142  143  144  145  146  147  148  149  150  151  152  153  154  155  156  157  158  159  100  101  102  103  104  105  106  107  108  109  110  111  0  113  114  115  116  117  118  119  120  121  122  123  124  125  126  127  128  129  130  131  132  133  134  135
137  138  139  140  141  142  143  144  145  146  147  148  149  150  151  152  153  154  155  156  157  158  159  100  101  102  103  104  105  106  107  108  109  110  111  112  113  0  115  116  117  118  119  120  121  122  123  124  125  126  127  128  129  130  131  132  133  134  135  136
138  139  140  141  142  143  144  145  146  147  148  149  150  151  152  153  154  155  156  157  158  159  100  101  102  103  104  105  106  107  108  109  110  111  112  113  114  115  0  117  118  119  120  121  122  123  124  125  126  127  128  129  130  131  132  133  134  135  136  137
139  140  141  142  143  144  145  146  147  148  149  150  151  152  153  154  155  156  157  158  159  100  101  102  103  104  105  106  107  108  109  110  111  112  113  114  115  116  117  0  119  120  121  122  123  124  125  126  127  128  129  130  131  132  133  134  135  136  137  138
140  141  142  143  144  145  146  147  148  149  150  151  152  153  154  155  156  157  158  159  100  101  102  103  104  105  106  107  108  109  110  111  112  113  114  115  116  117  118  119  0  121  122  123  124  125  126  127  128  129  130  131  132  133  134  135  136  137  138  139
141  142  143  144  145  146  147  148  149  150  151  152  153  154  155  156  157  158  159  100  101  102  103  104  105  106  107  108  109  110  111  112  113  114  115  116  117  118  119  120  121  0  123  124  125  126  127  128  129  130  131  132  133  134  135  136  137  138  139  140
142  143  144  145  146  147  148  149  150  151  152  153  154  155  156  157  158  159  100  101  102  103  104  105  106  107  108  109  110  111  112  113  114  115  116  117  118  119  120  121  122  123  0  125  126  127  128  129  130  131  132  133  134  135  136  137  138  139  140  141
143  144  145  146  147  148  149  150  151  152  153  154  155  156  157  158  159  100  101  102  103  104  105  106  107  108  109  110  111  112  113  114  115  116  117  118  119  120  121  122  123  124  125  0  127  128  129  130  131  132  133  134  135  136  137  138  139  140  141  142
144  145  146  147  148  149  150  151  152  153  154  155  156  157  158  159  100  101  102  103  104  105  106  107  108  109  110  111  112  113  114  115  116  117  118  119  120  121  122  123  124  125  126  127  0  129  130  131  132  133  134  135  136  137  138  139  140  141  142  143
145  146  147  148  149  150  151  152  153  154  155  156  157  158  159  100  101  102  103  104  105  106  107  108  109  110  111  112  113  114  115  116  117  118  119  120  121  122  123  124  125  126  127  128  129  0  131  132  133  134  135  136  137  138  139  140  141  142  143  144
146  147  148  149  150  151  152  153  154  155  156  157  158  159  100  101  102  103  104  105  106  107  108  109  110  111  112  113  114  115  116  117  118  119  120  121  122  123  124  125  126  127  128  129  130  131  0  133  134  135  136  137  138  139  140  141  142  143  144  145
147  148  149  150  151  152  153  154  155  156  157  158  159  100  101  102  103  104  105  106  107  108  109  110  111  112  113  114  115  116  117  118  119  120  121  122  123  124  125  126  127  128  129  130  131  132  133  0  135  136  137  138  139  140  141  142  143  144  145  146
148  149  150  151  152  153  154  155  156  157  158  159  100  101  102  103  104  105  106  107  108  109  110  111  112  113  114  115  116  117  118  119  120  121  122  123  124  125  126  127  128  129  130  131  132  133  134  135  0  137  138  139  140  141  142  143  144  145  146  147
149  150  151  152  153  154  155  156  157  158  159  100  101  102  103  104  105  106  107  108  109  110  111  112  113  114  115  116  117  118  119  120  121  122  123  124  125  126  127  128  129  130  131  132  133  134  135  136  137  0  139  140  141  142  143  144  145  146  147  148
150  151  152  153  154  155  156  157  158  159  100  101  102  103  104  105  106  107  108  109  110  111  112  113  114  115  116  117  118  119  120  121  122  123  124  125  126  127  128  129  130  131  132  133  134  135  136  137  138  139  0  141  142  143  144  145  146  147  148  149
151  152  153  154  155  156  157  158  159  100  101  102  103  104  105  106  107  108  109  110  111  112  113  114  115  116  117  118  119  120  121  122  123  124  125  126  127  128  129  130  131  132  133  134  135  136  137  138  139  140  141  0  143  144  145  146  147  148  149  150
152  153  154  155  156  157  158  159  100  101  102  103  104  105  106  107  108  109  110  111  112  113  114  115  116  117  118  119  120  121  122  123  124  125  126  127  128  129  130  131  132  133  134  135  136  137  138  139  140  141  142  143  0  145  146  147  148  149  150  151
153  154  155  156  157  158  159  100  101  102  103  104  105  106  107  108  109  110  111  112  113  114  115  116  117  118  119  120  121  122  123  124  125  126  127  128  129  130  131  132  133  134  135  136  137  138  139  140  141  142  143  144  145  0  147  148  149  150  151  152
154  155  156  157  158  159  100  101  102  103  104  105  106  107  108  109  110  111  112  113  114  115  116  117  118  119  120  121  122  123  124  125  126  127  128  129  130  131  132  133  134  135  136  137  138  139  140  141  142  143  144  145  146  147  0  149  150  151  152  153
155  156  157  158  159  100  101  102  103  104  105  106  107  108  109  110  111  112  113  114  115  116  117  118  119  120  121  122  123  124  125  126  127  128  129  130  131  132  133  134  135  136  137  138  139  140  141  142  143  144  145  146  147  148  149  0  151  152  153  154
156  157  158  159  100  101  102  103  104  105  106  107  108  109  110  111  112  113  114  115  116  117  118  119  120  121  122  123  124  125  126  127  128  129  130  131  132  133  134  135  136  137  138  139  140  141  142  143  144  145  146  147  148  149  150  151  0  153  154  155
157  158  159  100  101  102  103  104  105  106  107  108  109  110  111  112  113  114  115  116  117  118  119  120  121  122  123  124  125  126  127  128  129  130  131  132  133  134  135  136  137  138  139  140  141  142  143  144  145  146  147  148  149  150  151  152  153  0  155  156
158  159  100  101  102  103  104  105  106  107  108  109  110  111  112  113  114  115  116  117  118  119  120  121  122  123  124  125  126  127  128  129  130  131  132  133  134  135  136  137  138  139  140  141  142  143  144  145  146  147  148  149  150  151  152  153  154  155  0  157
159  100  101  102  103  104  105  106  107  108  109  110  111  112  113  114  115  116  117  118  119  120  121  122  123  124  125  126  127  128  129  130  131  132  133  134  135  136  137  138  139  140  141  142  143  144  145  146  147  148  149  150  151  152  153  154  155  156  157  0